center:  0.009840539220615993
left:  0.05569964058432349
right:  -0.030736649715823284
 